+++++++++++++++++++++++++++++
instance 0
10 10
4 88 8 68 6 94 5 99 1 67 2 89 9 77 7 99 0 86 3 92
5 72 3 50 6 69 4 75 2 94 8 66 0 92 1 82 7 94 9 63
9 83 8 61 0 83 1 65 6 64 5 85 7 78 4 85 2 55 3 77
7 94 2 68 1 61 4 99 3 54 6 75 5 66 0 76 9 63 8 67
3 69 4 88 9 82 8 95 0 99 2 67 6 95 5 68 7 67 1 86
1 99 4 81 5 64 6 66 8 80 2 80 7 69 9 62 3 79 0 88
7 50 1 86 4 97 3 96 0 95 8 97 2 66 5 99 6 52 9 71
4 98 6 73 3 82 2 51 1 71 5 94 7 85 0 62 8 95 9 79
0 94 6 71 3 81 7 85 1 66 2 90 4 76 5 58 8 93 9 97
3 50 0 59 1 82 8 67 7 56 9 96 6 58 4 81 5 59 2 96
+++++++++++++++++++++++++++++
instance 1
10 10
7 62 8 24 5 25 3 84 4 47 6 38 2 82 0 93 9 24 1 66
5 47 2 97 8 92 9 22 1 93 4 29 7 56 3 80 0 78 6 67
1 45 7 46 6 22 2 26 9 38 0 69 4 40 3 33 8 75 5 96
4 85 8 76 5 68 9 88 3 36 6 75 2 56 1 35 0 77 7 85
8 60 9 20 7 25 3 63 4 81 0 52 1 30 5 98 6 54 2 86
3 87 9 73 5 51 2 95 4 65 1 86 6 22 8 58 0 80 7 65
5 81 2 53 7 57 6 71 9 81 0 43 4 26 8 54 3 58 1 69
4 20 6 86 5 21 8 79 9 62 2 34 0 27 1 81 7 30 3 46
9 68 6 66 5 98 8 86 7 66 0 56 3 82 1 95 4 47 2 78
0 30 3 50 7 34 2 58 1 77 5 34 8 84 4 40 9 46 6 4
+++++++++++++++++++++++++++++
instance 2
10 10
0 29 1 78 2 9 3 36 4 49 5 11 6 62 7 56 8 44 9 21
0 43 2 90 4 75 9 11 3 69 1 28 6 46 5 46 7 72 8 30
1 91 0 85 3 39 2 74 8 90 5 10 7 12 6 89 9 45 4 33
1 81 2 95 0 71 4 99 6 9 8 52 7 85 3 98 9 22 5 43
2 14 0 6 1 22 5 61 3 26 4 69 8 21 7 49 9 72 6 53
2 84 1 2 5 52 3 95 8 48 9 72 0 47 6 65 4 6 7 25
1 46 0 37 3 61 2 13 6 32 5 21 9 32 8 89 7 30 4 55
2 31 0 86 1 46 5 74 4 32 6 88 8 19 9 48 7 36 3 79
0 76 1 69 3 76 5 51 2 85 9 11 6 40 7 89 4 26 8 74
1 85 0 13 2 61 6 7 8 64 9 76 5 47 3 52 4 90 7 45
+++++++++++++++++++++++++++++
instance 3
6 6
2 1 0 3 1 6 3 7 5 3 4 6
1 8 2 5 4 10 5 10 0 10 3 4
2 5 3 4 5 8 0 9 1 1 4 7
1 5 0 5 2 5 3 3 4 8 5 9 
2 9 1 3 4 5 5 4 0 3 3 1
1 3 3 3 5 9 0 10 4 4 2 1
+++++++++++++++++++++++++++++
instance 4 
20 5
0 29 1 9 2 49 3 62 4 44
0 43 1 75 3 69 2 46 4 72
1 91 0 39 2 90 4 12 3 45
1 81 0 71 4 9 2 85 3 22
2 14 1 22 0 26 3 21 4 72
2 84 1 52 4 48 0 47 3 6
1 46 0 61 2 32 3 32 4 30
2 31 1 46 0 32 3 19 4 36
0 76 3 76 2 85 1 40 4 26
1 85 2 61 0 64 3 47 4 90
1 78 3 36 0 11 4 56 2 21
2 90 0 11 1 28 3 46 4 30
0 85 2 74 1 10 3 89 4 33
2 95 0 99 1 52 3 98 4 43
0 6 1 61 4 69 2 49 3 53
1 2 0 95 3 72 4 65 2 25
0 37 2 13 1 21 3 89 4 55
0 86 1 74 4 88 2 48 3 79
1 69 2 51 0 11 3 89 4 74
0 13 1 7 2 76 3 52 4 45
+++++++++++++++++++++++++++++
instance 5
15 10
9 66 5 91 4 87 2 94 7 21 3 92 1 7 0 12 8 11 6 19
3 13 2 20 4 7 1 14 9 66 0 75 6 77 5 16 7 95 8 7
8 77 7 20 2 34 0 15 9 88 5 89 6 53 3 6 1 45 4 76
3 27 2 74 6 88 4 62 7 52 8 69 5 9 9 98 0 52 1 88
4 88 6 15 1 52 2 61 7 54 0 62 8 59 5 9 3 90 9 5
6 71 0 41 4 38 3 53 7 91 8 68 1 50 5 78 2 23 9 72
3 95 9 36 6 66 5 52 0 45 8 30 4 23 2 25 7 17 1 6
4 65 1 8 8 85 0 71 7 65 6 28 5 88 3 76 9 27 2 95
9 37 1 37 4 28 3 51 8 86 2 9 6 55 0 73 7 51 5 90
3 39 2 15 6 83 9 44 7 53 0 16 4 46 5 24 1 25 8 82
1 72 4 48 0 87 2 66 9 5 6 54 7 39 8 35 5 95 3 60
1 46 3 20 0 97 2 21 9 46 7 37 8 19 4 59 6 34 5 55
5 23 3 25 6 78 1 24 0 28 7 83 8 28 9 5 2 73 4 45
1 37 0 53 7 87 4 38 3 71 5 29 9 12 8 33 6 55 2 12
4 90 8 17 2 49 3 83 1 40 6 23 7 65 9 27 5 7 0 48
+++++++++++++++++++++++++++++
instance 6
15 10
7 8 9 75 0 72 6 74 4 30 8 43 2 38 5 98 1 26 3 19
6 19 8 73 3 43 0 23 1 85 4 39 5 13 9 26 2 67 7 9
1 50 3 93 5 80 4 7 0 55 2 61 6 57 8 72 9 42 7 46
1 68 7 43 4 99 6 60 5 68 0 91 8 11 3 96 9 11 2 72
7 84 2 34 8 40 5 7 1 70 6 74 3 12 0 43 9 69 4 30
8 60 0 49 4 59 5 72 9 63 1 69 7 99 6 45 3 27 2 9
6 71 2 91 8 65 1 90 9 98 4 8 7 50 0 75 5 37 3 17
8 62 7 90 5 98 3 31 2 91 4 38 9 72 1 9 0 72 6 49
4 35 0 39 9 74 5 25 7 47 3 52 2 63 8 21 6 35 1 80
9 58 0 5 3 50 8 52 1 88 6 20 2 68 5 24 4 53 7 57
7 99 3 91 4 33 5 19 2 18 6 38 0 24 9 35 1 49 8 9
0 68 3 60 2 77 7 10 8 60 5 15 9 72 1 18 6 90 4 18
9 79 1 60 3 56 6 91 2 40 8 86 7 72 0 80 5 89 4 51
4 10 2 92 5 23 6 46 8 40 7 72 3 6 1 23 0 95 9 34
2 24 5 29 9 49 8 55 0 47 6 77 3 77 7 8 1 28 4 48
+++++++++++++++++++++++++++++
instance 7
30 10
2 38 4 75 9 12 5 97 0 76 1 29 8 14 6 66 7 44 3 12
0 43 5 38 1 80 3 82 2 85 4 58 6 87 8 92 9 89 7 69
6 48 4 8 8 66 7 7 2 14 3 41 5 61 0 43 1 84 9 5
5 19 3 74 6 41 4 59 8 43 2 42 9 73 7 97 1 8 0 96
3 75 5 5 2 70 8 42 7 23 6 55 1 48 9 38 4 37 0 7
2 72 7 31 3 95 0 79 4 25 1 56 8 9 9 60 5 73 6 43
9 31 3 78 6 16 4 94 7 86 5 21 0 97 8 53 1 7 2 64
3 86 2 65 6 59 8 44 1 33 7 85 0 61 5 32 9 63 4 30
4 11 5 61 9 84 3 16 7 90 1 30 0 60 8 93 2 44 6 45
5 11 2 28 0 32 7 36 8 31 4 47 3 20 6 52 9 35 1 49
5 17 3 34 6 49 1 84 0 85 8 20 7 74 9 68 4 10 2 77
8 71 5 7 3 29 1 85 4 76 6 59 2 17 0 17 9 13 7 48
1 39 9 16 4 39 6 87 7 11 3 32 2 15 0 19 5 64 8 43
5 33 8 82 2 92 1 83 6 32 3 99 9 99 4 91 0 8 7 57
7 7 0 48 9 62 4 88 6 21 5 39 8 27 3 91 1 38 2 69
9 64 8 45 3 24 7 80 2 67 4 18 6 38 0 88 5 80 1 44
2 15 3 72 4 40 7 21 8 52 0 51 9 59 1 24 6 47 5 43
4 77 7 43 1 40 2 31 8 76 6 20 5 88 3 70 9 5 0 32
2 14 7 58 9 85 5 64 1 26 6 94 0 32 3 49 8 80 4 47
9 23 1 11 8 34 4 75 7 79 3 26 2 96 0 5 6 9 5 59
0 75 2 20 8 10 3 66 6 43 7 37 1 9 9 83 4 68 5 52
8 54 1 26 4 79 7 88 6 84 0 6 2 54 9 59 3 28 5 42
4 56 9 29 3 36 0 40 6 86 8 68 2 69 7 23 5 62 1 16
7 53 1 5 6 17 9 59 2 59 8 78 3 64 0 82 4 13 5 12
9 7 6 62 7 90 5 83 1 85 3 69 0 16 4 81 2 58 8 66
7 24 2 65 1 69 5 42 9 82 6 82 0 83 3 46 8 72 4 33
1 10 8 27 7 43 5 20 4 71 9 65 2 73 6 99 0 24 3 64
9 35 3 92 0 38 5 35 7 30 8 45 2 8 4 82 1 34 6 21
5 23 7 84 9 7 4 85 8 60 1 15 2 52 6 94 3 83 0 6
2 70 6 29 8 27 9 80 4 6 7 39 1 79 0 28 3 66 5 66
+++++++++++++++++++++++++++++
instance 8
50 10
4 69 0 37 3 64 1  1 2 65 9 34 5 67 8 43 7 72 6 79
1 11 0  7 3 68 4 43 2 52 6 29 9 71 7 81 8 12 5 36
4 90 3 29 1  1 2  1 0 14 8 38 5 13 9 21 7 41 6 97
1 46 0 26 4 83 2 36 3 20 9  4 8 23 7 65 5 56 6 42
4 46 0 39 2 92 3 53 1 62 9 68 7 65 8 74 6 87 5 46
4 13 1 44 3 43 2 67 0 75 6  5 9 94 5 95 7 28 8 85
1  1 2 99 4 36 3 86 0 65 8 32 5 17 7 71 6 15 9 61
2 18 4 63 3 15 0 59 1 33 7 95 5 63 6 85 8 34 9  3
4 13 2 25 0 82 3 23 1 26 7 22 9 35 8 16 6 24 5 41
3  1 1  7 0 21 2 73 4 39 6 32 7 77 5 29 8 89 9 21
1 53 3 27 4 55 0 16 2 64 5 78 9 32 8 60 7 20 6 20
1 71 2 54 3 21 0 20 4 23 9 40 5 99 7 61 6 94 8 71
2 76 4 72 3 91 0 75 1  7 6 53 8 32 7 71 5 63 9 53
2 12 1  3 4 35 0 64 3 30 5 94 8 67 7 31 6 79 9 14
4 63 1 28 3 87 0 89 2 52 8  2 9 21 7 92 6 44 5 37
0 79 1 65 4 35 3 78 2 17 8 90 5 54 9 91 7 57 6 23
3 20 1 93 4 61 0 76 2 23 5 10 8 34 7 20 9 87 6 77
0 37 2 17 1 92 4 30 3 59 5 47 8  7 7 45 6 13 9 60
4 90 3 74 0 46 2 36 1  2 6  9 5 83 8 90 7 88 9 39
3 83 0 85 2 20 4 88 1 94 6 14 5 16 7 62 9 53 8  9
0  4 4 16 2 64 1 60 3 79 5 37 6 49 7 67 9 95 8  5
3 32 0 86 1  5 4 66 2 77 7 15 5 68 9 40 8  1 6  4
0  2 1 48 4 23 3 25 2 58 9 55 7 14 8 21 6 85 5 27
1 71 4 92 3 99 2 56 0 81 7 79 6 66 9 42 8 47 5 43
1 77 4 85 3 72 2 19 0 71 5 34 7  9 9 14 6 62 8 58
4 38 0  3 2 61 3 98 1 76 5 14 9 56 8 26 7 43 6 44
1 68 4 54 0 62 2 93 3 22 6 57 7 79 9 19 5 77 8 45
2 62 1 96 4 56 0 68 3 24 5 41 6 19 7  2 8 73 9 50
2 86 0 53 3  3 1 89 4 37 7 100 5 59 9 23 6 19 8 35
3 90 4 94 0 21 2 78 1 85 5 94 6 90 8 28 9 92 7 56
4 85 2 97 0  8 3 27 1 86 9 26 7  5 8 96 5 68 6 57
0 58 3  4 4 49 2  1 1 79 8 10 6 44 9 87 5 16 7 13
3 85 0 24 4 23 1 41 2 59 8 20 6 52 5 58 9 75 7 77
0 47 1 89 2 68 4 88 3 17 6 48 8 84 9 100 5 92 7 47
1 30 0  1 3 61 4 20 2 73 8 78 7 41 9 52 5 43 6 74
0 11 4 58 3 66 2 67 1 18 8 42 7 88 9 49 5 62 6 71
4  5 2 51 3 67 1 20 0 11 7 37 6 42 8 25 9 57 5  1
0 58 4 83 2  9 3 68 1 21 6 28 9 77 5 19 7 32 8 66
3 85 2 58 0 65 1 80 4 50 7 79 5 43 8 29 9  9 6 18
3 74 2 29 0 11 1 23 4 34 7 84 8 57 5 77 6 83 9 82
2  6 4 67 0 97 3 66 1 21 8 90 9 46 6 12 5 17 7 96
4 34 1  5 2 13 0 100 3 12 8 63 7 59 5 75 6 91 9 89
1 30 2 66 0 33 3 70 4 16 6 80 5 58 8  8 7 86 9 66
3 55 0 46 2  1 1 77 4 19 7 85 9 32 6 59 5 37 8 69
2  3 0 16 1 48 4  8 3 51 7 72 6 19 8 58 9 59 5 94
3 30 4 23 1 92 0 18 2 19 9 32 6 57 5 50 7 64 8 27
2 18 0 72 4 92 1  6 3 67 8 100 6 32 9 14 5 51 7 55
4 48 0 87 1 96 2 58 3 83 8 77 5 26 7 77 9 72 6 86
1 80 4  5 0 50 3 65 2 85 7 88 5 47 6 33 8 50 9 75
1 78 0 96 4 80 3  5 2 99 9 58 5 38 7 29 8 69 6 44
+++++++++++++++++++++++++++++
instance 9
50 10
2 93 4 40 0  1 3 77 1 77 5 16 9 74 8 11 6 51 7 92
0 92 4 80 1 76 3 59 2 70 5 86 9 17 6 78 7 30 8 93
1 44 2 92 3 96 4 77 0 53 9 10 7 49 5 84 8 59 6 14
1 60 2 19 3 76 0 73 4 85 7 13 8 93 5 68 9 50 6 78
2 20 0 24 3 41 1  2 4  4 9 44 7 79 8 81 5 16 6 39
3 41 2 35 1 32 4 18 0 15 8 98 6 29 5 19 7 14 9 26
1 59 0 45 4 53 3 44 2 98 5 84 6 23 7 45 8 39 9 89
1 30 4 51 3 25 0 51 2 84 6 60 5 45 7 89 8 25 9 97
0 47 3 18 2 40 4 62 1 58 5 36 7 93 8 77 9 90 6 15
3 33 1 68 0 41 4 72 2 20 6 69 7 47 5 22 9 47 8 22
2 28 1 100 4 20 0 35 3 26 5 24 9 41 6 42 7 100 8 32
0 65 2 12 4 53 3 93 1 40 8 18 7 23 5 60 6 89 9 53
0 58 1 60 4 97 3 31 2 50 9 85 5 64 7 38 6 85 8 35
3 64 0 58 1 49 2 45 4  9 8 49 6 22 5 99 9 15 7  7
0 10 4 85 3 72 2 37 1 77 5 70 7 45 9  8 6 83 8 57
4 93 0 87 1 87 2 18 3  4 8 78 5 67 9 20 6 17 7 35
4 72 0 56 3 57 2 15 1 45 6 41 5 40 9 85 8 32 7 81
0 36 3 63 4 79 2 32 1  5 6 25 7 86 9 91 5 21 8 35
2 83 4 29 0  9 1 38 3 73 7 50 9 99 5 18 8 29 6 41
0 100 3 29 2 60 4 63 1 64 8 71 6 35 5 26 9  9 7 22
1 81 0 60 3 62 4 48 2 68 7 28 5 69 8 92 6 79 9 10
0 40 4 80 1 41 2 10 3 68 8 28 9 51 7 33 6 82 5 25
4 30 2 12 0 35 3 17 1 70 9 29 7 18 8 93 6 94 5 37
1 36 2 41 3 27 4 36 0 78 7 64 6 88 5 25 9 92 8 66
2 65 3 27 4 74 0 32 1 40 5 88 8 73 6 92 7 83 9 42
0 48 1 85 2 92 4 95 3 61 8 72 9 76 5 58 7 11 6 89
3 84 2 50 0 70 4 24 1 42 9 55 5 100 6 70 7  4 8 68
0 95 4 41 2 11 3 98 1 85 5 64 6  8 7 26 8  6 9  6
0 84 2 49 1 17 3 69 4 55 8 75 6 45 9 38 7 59 5 28
2 48 0 29 4  1 1 64 3 41 5 23 7 64 9 31 6 56 8 12
2 81 4 25 3 33 0 22 1 50 5 74 9 56 8 33 7 85 6 83
1 62 4 25 0 21 2 20 3  8 6 36 9  9 5 91 8 90 7 49
1 43 0 16 2 91 3 96 4 24 5 11 9 91 7 41 8 35 6 66
1 91 2 20 4 44 0 42 3 87 9 57 6 15 5 38 8 42 7 89
0 33 3 95 4 68 2 22 1 80 7 53 8 13 9 70 5 22 6 69
0 15 3 47 1 24 2 31 4 41 8 14 9 28 7 59 5 52 6 39
2 95 0 42 4  5 1 57 3 67 6 30 9 21 8 70 5  9 7 20
2 54 0 15 1 20 3 64 4 83 9 40 7  6 5 89 6 91 8 48
0 22 4 27 1 77 3 25 2 16 8 72 9 61 6 75 7 4  5 19
3 68 1 82 2 16 0 83 4  2 7 10 8 88 5 41 9 21 6 66
1 64 0 76 2 85 3 71 4 97 5 97 7  8 6 40 8 70 9 35
0 94 1 45 2 94 4 84 3 44 8 41 5 30 7 47 6 19 9 22
2 23 1 10 0 82 3 93 4 90 8 67 7  9 9 18 5 22 6 87
0 75 2 27 4 97 3  9 1 57 9 14 5 50 7 31 8 62 6 23
1 42 3 41 2 35 0 75 4 18 9 65 7 38 6 38 8 51 5 56
4 72 1 63 0 33 2 27 3 41 5 52 7 42 9 10 6 14 8 71
2 91 1 89 0 44 4 91 3 26 6 49 5 22 8 31 9 69 7  5
3 42 1 34 0  4 4 34 2 16 6 86 7 25 8 99 5 67 9 25
4 34 1 93 0 26 3 81 2  9 7 96 8 79 9 68 5 76 6 10
3 19 1 47 4 13 2 98 0 32 7 12 9 45 6 52 8 49 5 34
+++++++++++++++++++++++++++++
instance 10
20 10
3 60 4 48 5 95 0 87 1 72 9 5 8 35 7 39 6 54 2 66
7 37 6 34 0 97 5 55 2 21 3 20 4 59 9 46 8 19 1 46
4 45 2 73 1 24 8 28 0 28 3 25 5 23 7 83 9 5 6 78
0 53 2 12 9 12 1 37 8 33 3 71 6 55 5 29 7 87 4 38
4 90 2 49 9 27 7 65 5 7 6 23 0 48 3 83 8 17 1 40
3 85 4 25 2 84 6 64 9 13 1 66 7 46 8 59 0 62 5 19
5 88 6 67 4 14 0 41 1 73 7 57 2 53 3 80 9 47 8 74
1 78 5 64 4 63 6 46 3 84 0 84 8 28 9 52 7 26 2 41
1 11 0 64 6 97 9 38 2 17 4 85 5 73 3 10 8 95 7 67
3 93 2 95 7 43 1 65 8 32 0 59 6 85 5 46 9 85 4 60
2 61 3 41 5 49 4 23 0 66 7 49 8 70 9 99 1 90 6 17
4 13 7 7 1 98 8 57 0 73 3 73 2 68 5 40 9 98 6 9
9 86 6 76 4 14 3 41 1 85 0 37 8 19 2 17 7 54 5 79
1 40 2 53 7 97 5 87 8 96 4 84 3 16 6 66 9 52 0 95
6 33 1 33 3 87 0 18 2 55 8 13 4 77 7 60 9 42 5 74
7 92 5 91 8 79 2 54 4 69 6 79 3 33 1 61 9 39 0 16
6 82 1 41 4 28 5 64 2 78 3 76 7 6 8 49 9 47 0 58
0 52 5 42 8 24 9 91 3 47 6 88 4 91 7 52 2 28 1 35
5 82 2 76 3 86 6 93 4 84 7 38 8 95 9 37 1 21 0 23
9 77 4 8 6 42 7 64 0 70 2 45 8 45 5 28 3 67 1 86
+++++++++++++++++++++++++++++
